611184
611185
611187
611189
611190
611193
611196
611198
611199
611202
611203
611204
611205
611208
611209
611210
611211
611212
611213
611214
611215
611216
611217
611218
611220
611221
611223
611224
611225
611226
611227
611228
611230
611231
611232
611233
611234
611235
611236
611237
611238
611239
611240
611241
611242
611243
611244
611245
611246
611247
611248
611250
611251
611252
611253
611255
611257
611258
611260
611261
611262
611263
611264
611266
611267
611268
611269
611271
611272
611273
611274
611275
611276
611277
611278
611279
611280
611281
611282
611283
611286
611287
611288
611289
611291
611292
611293
611294
611295
611296
611297
611298
611299
611300
611301
611303
611304
611305
611306
611307
611308
611309
611310
611313
611314
611315
611317
611318
611319
611321
611323
611324
611325
611327
611328
611329
611330
611332
611333
611336
611337
611338
611339
611340
611342
611343
611344
611345
611349
611350
611351
611352
611353
611354
611355
611356
611357
611358
611359
611361
611362
611363
611364
611365
611367
611368
611369
611371
611372
611373
611376
611377
611379
611380
611381
611382
611384
611386
611389
611390
611391
611392
611393
611394
611395
611396
611397
611399
611400
611401
611402
611403
611404
611405
611406
611408
611409
611411
611412
611413
611414
611415
611416
611417
611418
611421
611422
611423
611424
611426
611428
611429
611430
611431
611432
611433
611434
611435
611436
611437
611438
611439
611440
611441
611442
611443
611444
611446
611447
611449
611450
611451
611452
611453
611454
611455
611457
611458
611460
611461
611463
611464
611465
611466
611467
611468
611470
611471
611473
611474
611475
611476
611477
611478
611480
611481
611482
611483
611486
611488
611489
611490
611492
611493
611494
611495
611496
611498
611499
611500