612811
612813
612814
612815
612816
612817
612818
612819
612821
612822
612823
612824
612825
612827
612828
612829
612830
612831
612832
612833
612834
612835
612836
612838
612839
612840
612842
612844
612846
612847
612848
612849
612850
612851
612853
612855
612856
612857
612858
612859
612860
612861
612863
612864
612865
612866
612867
612868
612870
612871
612872
612874
612875
612877
612879
612880
612884
612887
612888
612890
612891
612892
612893
612895
612896
612897
612899
612900
612901
612902
612903
612904
612905
612906
612907
612908
612909
612912
612913
612914
612917
612918
612920
612921
612924
612925
612926
612927
612928
612929
612930
612931
612932
612934
612936
612937
612938
612939
612940
612942
612943
612944
612945
612946
612948
612949
612950
612952
612953
612954
612955
612956
612957
612958
612959
612960
612961
612963
612964
612965
612966
612968
612969
612970
612971
612972
612973
612974
612975
612976
612977
612978
612979
612980
612981
612983
612984
612985
612987
612988
612991
612993
612994
612995
612996
612998
613001
613002
613003
613004
613005
613006
613007
613008
613010
613011
613012
613014
613015
613016
613017
613018
613019
613020
613021
613022
613023
613025
613026
613027
613028
613029
613030
613031
613033
613034
613035
613036
613037
613039
613040
613041
613042
613043
613044
613045
613048
613049
613052
613053
613055
613056
613059
613060
613062
613063
613064
613065
613067
613069
613071
613073
613074
613075
613078
613079
613080
613081
613082
613084
613085
613086
613087
613088
613090
613091
613093
613095
613096
613097
613098
613099
613102
613104
613106
613107
613108
613109
613110
613111
613113
613114
613115
613116
613118
613120
613121
613123
613124
613125
613126
613127
613128
613129
613130
613131
613132
613133
613135
613136