612157
612158
612160
612161
612162
612163
612164
612165
612166
612167
612168
612169
612170
612171
612172
612176
612177
612178
612179
612180
612182
612183
612185
612187
612188
612189
612190
612191
612192
612193
612195
612196
612197
612199
612202
612203
612204
612205
612206
612208
612209
612211
612212
612213
612214
612215
612216
612217
612218
612219
612220
612221
612222
612223
612224
612225
612226
612227
612228
612229
612230
612231
612232
612233
612234
612235
612237
612238
612239
612240
612241
612242
612246
612247
612250
612251
612252
612253
612254
612255
612256
612258
612259
612260
612261
612262
612263
612265
612266
612267
612268
612269
612270
612271
612273
612274
612275
612277
612278
612279
612281
612282
612286
612287
612289
612290
612291
612292
612293
612295
612298
612299
612300
612303
612304
612306
612308
612310
612311
612312
612314
612315
612316
612317
612318
612320
612321
612322
612324
612325
612326
612327
612328
612330
612331
612332
612334
612335
612336
612337
612338
612339
612340
612343
612346
612347
612348
612349
612351
612352
612354
612356
612357
612358
612360
612361
612362
612364
612366
612367
612368
612371
612372
612373
612375
612376
612377
612379
612380
612382
612383
612386
612390
612391
612392
612393
612395
612397
612398
612399
612400
612401
612402
612405
612406
612407
612408
612409
612410
612412
612413
612414
612415
612416
612417
612419
612420
612421
612422
612423
612424
612425
612426
612427
612429
612431
612432
612434
612436
612440
612441
612442
612443
612444
612445
612446
612447
612448
612449
612451
612452
612454
612456
612457
612458
612459
612460
612461
612462
612463
612464
612465
612466
612467
612469
612470
612472
612473
612474
612475
612476
612477
612478
612479
612480
612481
612482
612484
612485
612486