611832
611834
611836
611837
611838
611839
611840
611842
611843
611845
611846
611849
611850
611851
611852
611853
611854
611855
611857
611858
611859
611860
611861
611862
611863
611864
611865
611868
611869
611870
611872
611873
611874
611876
611877
611878
611881
611883
611884
611885
611887
611889
611891
611892
611893
611895
611896
611897
611900
611904
611905
611906
611907
611908
611909
611910
611911
611912
611913
611914
611916
611917
611918
611919
611920
611921
611923
611924
611926
611927
611928
611929
611930
611931
611935
611937
611939
611940
611941
611942
611943
611944
611947
611949
611950
611953
611954
611955
611956
611957
611959
611960
611961
611962
611963
611964
611965
611966
611967
611968
611969
611970
611971
611972
611973
611974
611975
611976
611977
611978
611979
611981
611982
611983
611984
611985
611986
611987
611988
611991
611992
611994
611995
611996
611997
611998
611999
612000
612001
612002
612003
612006
612007
612008
612009
612010
612011
612012
612014
612015
612017
612018
612019
612020
612021
612022
612023
612024
612028
612030
612031
612032
612033
612034
612035
612037
612038
612040
612041
612042
612045
612046
612047
612048
612049
612050
612051
612052
612054
612055
612056
612057
612058
612059
612060
612061
612062
612063
612065
612066
612067
612068
612070
612072
612073
612075
612076
612077
612078
612080
612081
612083
612084
612086
612087
612088
612089
612090
612091
612092
612094
612095
612096
612097
612099
612100
612102
612103
612104
612105
612106
612108
612110
612111
612112
612113
612114
612115
612116
612117
612118
612119
612120
612121
612122
612123
612124
612125
612127
612128
612129
612130
612131
612132
612133
612134
612135
612136
612138
612143
612146
612148
612149
612150
612151
612152
612153
612154
612155
612156