613472
613473
613474
613475
613476
613477
613478
613480
613483
613486
613488
613489
613490
613491
613492
613493
613495
613496
613497
613498
613499
613501
613502
613503
613504
613507
613509
613510
613512
613513
613518
613519
613520
613523
613524
613525
613528
613529
613530
613535
613536
613537
613538
613539
613540
613543
613546
613547
613548
613549
613550
613551
613554
613557
613558
613560
613561
613562
613566
613568
613573
613574
613576
613578
613579
613580
613581
613587
613588
613589
613592
613593
613595
613596
613600
613602
613604
613607
613608
613610
613611
613612
613615
613617
613618
613621
613622
613623
613624
613625
613628
613629
613630
613631
613633
613636
613638
613642
613644
613649
613650
613658
613660
613661
613662
613663
613664
613665
613667
613668
613669
613670
613671
613672
613674
613675
613676
613678
613680
613681
613682
613684
613687
613688
613691
613696
613699
613700
613701
613702
613703
613707
613708
613711
613712
613713
613715
613716
613717
613718
613719
613720
613721
613723
613724
613726
613727
613729
613732
613733
613734
613736
613738
613741
613742
613745
613747
613750
613751
613754
613756
613760
613763
613768
613769
613779
613780
613781
613784
613785
613786
613792
613794
613800
613801
613802
613805
613806
613809
613810
613812
613814
613815
613817
613819
613820
613821
613822
613824
613827
613829
613831
613834
613836
613842
613843
613845
613847
613848
613851
613854
613855
613856
613858
613860
613863
613864
613866
613867
613873
613874
613875
613877
613879
613880
613881
613882
613883
613884
613886
613887
613888
613889
613890
613892
613894
613896
613900
613901
613904
613905
613906
613907
613908
613910
613912
613913
613915
613916
613917
613920
613924
613925
613926
613927
613928
616517
616523
616529
616535