610411
610412
610413
610414
610415
610416
610417
610418
610419
610420
610423
610424
610425
610427
610430
610433
610435
610436
610437
610438
610439
610441
610448
610457
610460
610461
610463
610464
610465
610467
610468
610469
610470
610471
610472
610474
610477
610479
610480
610481
610482
610483
610487
610488
610489
610492
610493
610494
610495
610496
610497
610498
610500
610501
610502
610504
610505
610507
610508
610509
610511
610513
610514
610515
610517
610520
610521
610523
610524
610525
610526
610527
610528
610530
610531
610532
610535
610539
610543
610544
610545
610546
610547
610549
610550
610551
610552
610553
610556
610557
610561
610563
610564
610565
610566
610567
610568
610569
610571
610572
610574
610577
610578
610579
610580
610581
610588
610591
610597
610598
610599
610601
610608
610609
610610
610611
610612
610614
610618
610620
610622
610624
610626
610627
610629
610630
610631
610635
610650
610651
610653
610662
610664
610666
610667
610668
610670
610672
610675
610677
610682
610686
610691
610693
610694
610696
610697
610698
610702
610704
610712
610718
610720
610728
610729
610730
610732
610735
610736
610737
610738
610739
610742
610743
610746
610747
610749
610750
610751
610752
610755
610756
610757
610758
610762
610764
610768
610771
610772
610773
610775
610776
610777
610778
610779
610780
610781
610785
610786
610787
610788
610789
610790
610791
610792
610793
610794
610795
610797
610799
610800
610802
610803
610804
610805
610806
610807
610808
610809
610810
610811
610814
610815
610816
610817
610818
610819
610820
610822
610823
610824
610825
610826
610827
610828
610829
610832
610834
610836
610837
610838
610839
610840
610841
610842
610843
610847
610848
610849
610850
610851
610852
610853
610854
610855
610856
610857
610858
610859
610860