611501
611504
611506
611507
611510
611512
611514
611515
611516
611517
611520
611521
611522
611523
611524
611525
611526
611528
611529
611530
611532
611536
611538
611539
611540
611542
611543
611544
611546
611547
611549
611550
611552
611555
611557
611558
611559
611561
611562
611563
611564
611565
611567
611568
611570
611571
611572
611573
611574
611575
611576
611577
611578
611579
611580
611581
611583
611584
611585
611586
611587
611588
611591
611592
611594
611597
611599
611601
611602
611603
611604
611605
611606
611607
611608
611609
611611
611612
611613
611614
611615
611619
611620
611621
611623
611624
611625
611626
611627
611628
611630
611631
611632
611633
611634
611635
611636
611637
611638
611639
611640
611641
611642
611643
611645
611646
611647
611648
611651
611652
611653
611654
611655
611656
611657
611658
611659
611660
611661
611662
611663
611664
611666
611667
611668
611671
611674
611675
611676
611677
611678
611679
611680
611681
611683
611684
611685
611686
611687
611689
611691
611692
611694
611695
611696
611697
611698
611701
611702
611703
611704
611707
611708
611709
611710
611711
611712
611713
611714
611716
611717
611718
611719
611720
611721
611722
611723
611724
611726
611727
611730
611731
611732
611733
611734
611735
611736
611738
611742
611743
611745
611746
611747
611748
611749
611750
611751
611752
611753
611755
611757
611758
611761
611762
611763
611766
611767
611768
611769
611770
611771
611774
611775
611777
611778
611780
611781
611782
611783
611786
611787
611789
611790
611791
611792
611793
611795
611796
611797
611798
611799
611800
611801
611802
611803
611804
611806
611807
611808
611809
611810
611811
611812
611813
611814
611815
611816
611817
611819
611820
611821
611822
611823
611824
611825
611826
611827
611829
611830
611831