612487
612488
612489
612490
612492
612493
612494
612495
612496
612497
612498
612499
612500
612503
612504
612505
612506
612507
612508
612509
612510
612511
612512
612513
612514
612515
612516
612517
612518
612519
612521
612526
612528
612529
612530
612531
612534
612535
612536
612538
612539
612541
612542
612543
612544
612546
612549
612550
612551
612556
612557
612558
612559
612560
612561
612562
612564
612566
612567
612568
612569
612570
612571
612574
612575
612577
612578
612579
612580
612582
612583
612585
612586
612589
612590
612591
612593
612595
612598
612599
612600
612601
612602
612603
612604
612606
612607
612609
612610
612612
612613
612615
612616
612617
612618
612619
612620
612621
612622
612623
612624
612625
612628
612629
612630
612631
612632
612634
612635
612636
612637
612638
612640
612641
612642
612643
612645
612646
612648
612649
612650
612651
612652
612653
612654
612655
612656
612657
612658
612661
612662
612663
612664
612666
612667
612668
612670
612673
612674
612677
612678
612679
612681
612682
612683
612684
612686
612687
612688
612689
612690
612691
612692
612693
612694
612695
612696
612697
612698
612699
612700
612701
612702
612704
612705
612706
612707
612708
612709
612710
612711
612713
612714
612715
612716
612717
612719
612720
612722
612724
612725
612726
612727
612729
612730
612731
612732
612733
612734
612735
612736
612737
612739
612740
612745
612746
612748
612749
612750
612751
612752
612753
612754
612755
612756
612757
612758
612759
612760
612761
612762
612764
612765
612768
612769
612770
612771
612772
612773
612775
612776
612777
612779
612780
612781
612782
612783
612785
612786
612787
612789
612790
612793
612794
612795
612796
612797
612798
612799
612800
612801
612802
612803
612804
612805
612806
612807
612808
612809
612810