63616
63625
63634
63654
63660
63661
63665
600971
600972
600976
600977
600978
600979
600980
600981
600982
600984
600985
600986
600987
600988
600992
600993
600997
601001
601002
607504
607513
607535
607536
607541
607543
607549
607559
607601
607603
607605
607708
607717
610001
610002
610003
610004
610005
610006
610008
610010
610012
610013
610015
610016
610017
610019
610020
610023
610024
610028
610030
610031
610033
610034
610035
610038
610039
610040
610042
610044
610045
610046
610051
610052
610053
610054
610055
610060
610061
610062
610063
610064
610065
610069
610071
610072
610073
610075
610078
610079
610080
610081
610082
610085
610086
610087
610088
610091
610093
610095
610107
610108
610110
610118
610128
610129
610133
610134
610135
610144
610150
610151
610154
610156
610158
610159
610162
610163
610164
610166
610171
610172
610173
610176
610177
610179
610180
610182
610188
610189
610197
610198
610200
610202
610205
610206
610207
610209
610211
610213
610214
610217
610218
610219
610220
610222
610224
610227
610228
610229
610230
610231
610232
610237
610238
610239
610241
610243
610244
610245
610247
610248
610250
610252
610253
610254
610255
610256
610257
610258
610260
610261
610263
610264
610265
610266
610267
610269
610270
610271
610274
610279
610280
610283
610284
610285
610286
610288
610290
610291
610292
610298
610300
610301
610304
610305
610306
610307
610309
610310
610311
610312
610313
610314
610315
610316
610318
610320
610321
610322
610323
610325
610326
610327
610328
610331
610332
610333
610334
610335
610336
610340
610341
610342
610345
610347
610349
610350
610351
610352
610353
610355
610360
610362
610364
610374
610376
610378
610379
610381
610386
610387
610389
610390
610392
610393
610394
610401
610402
610403
610404
610405
610410