613139
613140
613141
613142
613144
613145
613146
613148
613149
613152
613154
613157
613158
613159
613160
613162
613163
613164
613166
613167
613168
613169
613170
613171
613173
613174
613175
613176
613177
613178
613179
613180
613181
613182
613183
613184
613186
613187
613188
613189
613192
613193
613194
613195
613196
613197
613200
613201
613202
613203
613206
613208
613209
613210
613216
613217
613218
613219
613220
613221
613222
613223
613224
613227
613228
613229
613230
613231
613232
613233
613234
613235
613238
613240
613243
613244
613245
613246
613247
613248
613249
613250
613251
613252
613253
613254
613255
613256
613259
613260
613262
613263
613264
613265
613266
613268
613270
613272
613273
613275
613276
613278
613279
613281
613282
613283
613284
613286
613287
613290
613291
613292
613293
613294
613295
613297
613298
613299
613301
613302
613303
613307
613308
613309
613310
613312
613313
613315
613316
613317
613319
613320
613321
613322
613325
613326
613327
613328
613329
613330
613331
613332
613333
613334
613335
613337
613338
613339
613340
613341
613342
613343
613344
613346
613347
613348
613349
613351
613352
613353
613357
613358
613359
613360
613361
613362
613363
613364
613365
613366
613367
613368
613369
613370
613371
613373
613374
613375
613377
613379
613380
613381
613382
613383
613384
613386
613387
613388
613389
613390
613391
613392
613393
613394
613395
613396
613398
613399
613401
613402
613403
613405
613406
613408
613409
613411
613412
613414
613416
613417
613418
613419
613420
613422
613424
613426
613427
613428
613430
613431
613433
613434
613435
613436
613437
613438
613439
613440
613441
613442
613443
613447
613448
613449
613450
613451
613454
613455
613457
613458
613459
613460
613462
613463
613464
613465
613466
613467
613469
613470