610861
610862
610864
610866
610868
610869
610870
610872
610874
610875
610876
610878
610879
610880
610881
610883
610884
610885
610886
610887
610888
610889
610890
610891
610892
610894
610895
610897
610898
610900
610901
610902
610903
610904
610905
610906
610907
610908
610909
610910
610911
610913
610915
610916
610917
610918
610919
610920
610922
610923
610924
610925
610926
610927
610930
610931
610932
610933
610934
610935
610936
610939
610940
610941
610942
610943
610944
610945
610946
610948
610949
610950
610952
610953
610955
610956
610957
610959
610960
610961
610962
610963
610965
610966
610967
610968
610969
610970
610971
610972
610973
610974
610975
610977
610978
610979
610980
610981
610984
610985
610986
610989
610990
610991
610992
610993
610994
610995
610996
610997
610998
610999
611000
611001
611002
611003
611004
611005
611007
611009
611010
611012
611013
611014
611015
611016
611017
611020
611021
611025
611026
611027
611028
611029
611033
611034
611035
611036
611037
611040
611042
611043
611044
611045
611046
611047
611048
611049
611050
611051
611052
611053
611055
611056
611057
611058
611059
611061
611062
611063
611064
611065
611067
611069
611071
611072
611073
611074
611075
611077
611078
611079
611080
611081
611082
611083
611084
611085
611086
611087
611088
611089
611090
611091
611092
611093
611094
611096
611097
611098
611099
611102
611103
611104
611106
611109
611110
611111
611112
611114
611115
611116
611117
611118
611119
611120
611122
611123
611124
611125
611126
611127
611128
611130
611131
611132
611133
611134
611135
611137
611138
611143
611144
611145
611146
611147
611148
611150
611151
611152
611153
611156
611158
611159
611160
611161
611163
611164
611165
611166
611167
611168
611172
611173
611174
611177
611179
611180
611181
611183